          1          1        452     300000
          2          1        249     350000
          3          1        478     350000
          4          1        392     365000
          5          1        330     400000
          6          1        481     409000
          7          1         31     425000
          8          1        506     450000
          9          1        415     450000
         10          1        418     467500
         11          1        887     700000
         12          1         82     700000
         13          1        831    2523598
         14          2        770     233333
         15          2        129     300000
         16          2        374     300000
         17          2        350     300000
         18          2        215     385000
         19          2        987     400000
         20          2        291     400000
         21          2        783     400000
         22          2         45     437500
         23          2        208     550000
         24          2        207     550000
         25          2        789     580000
         26          2        185     775000
         27          2        556     875000
         28          2        422     925000
         29          2         23     925000
         30          2         30     925000
         31          2        826     975000
         32          2        509    1025000
         33          2        513    1800000
         34          3        141     200000
         35          3        977     325000
         36          3        262     350000
         37          3        803     366667
         38          3        900     400000
         39          3        751     400000
         40          3        766     415000
         41          3         68     415000
         42          3        273     425000
         43          3        346     430000
         44          3        310     475000
         45          3        911     516667
         46          3        544     650000
         47          3        365     850000
         48          3        721     850000
         49          3        237    1000000
         50          3        892    1800000
         51          4        870     266667
         52          4        803     300000
         53          4        542     350000
         54          4        214     375000
         55          4        803     450000
         56          4        787     450000
         57          4        922     523687
         58          4        604     525000
         59          4        220     625000
         60          4        134     650000
         61          4        229     725000
         62          4        445    1300000
         63          4        337    1650000
         64          4        501    2000000
         65          5        995     400000
         66          5        913     400000
         67          5        710     402500
         68          5        160     475000
         69          5        734     525000
         70          5        497     600000
         71          5         44     605000
         72          5        244     675000
         73          5        287     990000
         74          5        938    2750000
         75          6        544     220000
         76          6        740     250000
         77          6        206     300000
         78          6        675     330000
         79          6        492     345000
         80          6        892     425000
         81          6        729     425000
         82          6        759     450000
         83          6         82     700000
         84          6        550    1210000
         85          6         84    1400000
         86          6        435    1700000
         87          6        526    1731137
         88          7        262     260000
         89          7        104     425000
         90          7        487     475000
         91          7        472     550000
         92          7         33     750000
         93          7        164     800000
         94          7        276     850000
         95          7        744    1066000
         96          7        409    1200000
         97          7        583    1400000
         98          7        934    2500000
         99          8        962     426667
        100          8        797     450000
        101          8        888     500000
        102          8        526     550000
        103          8        185     650000
        104          8        791     825000
        105          8        582     875000
        106          8        500     950000
        107          8        519     975000
        108          8        879    1000000
        109          8        735    1200000
        110          9        249     400000
        111          9        602     425000
        112          9        271     440000
        113          9        395     450000
        114          9        469     485000
        115          9        373     600000
        116          9        409     625000
        117          9        901    1000000
        118          9        547    1075000
        119          9        592    1250000
        120          9        694    1500000
        121         10        499     216667
        122         10        445     425000
        123         10        724     600000
        124         10        170     650000
        125         10        210     775000
        126         10        928     850000
        127         10        932    1075000
        128         10        399    1100000
        129         10        175    1650000
        130         11        273     360000
        131         11        592     450000
        132         11        501     475000
        133         11        581     475000
        134         11        777     484000
        135         11        258     800000
        136         11        952     875000
        137         11        117     875000
        138         11        199    1350000
        139         11        386    1800000
        140         12         78     293333
        141         12        826     500000
        142         12        941     675000
        143         12        170     700000
        144         12        997     975000
        145         12        587    2000000
        146         12        326    2600000
        147         13        346     600000
        148         13        361     700000
        149         13        373    1500000
        150         13        781    2500000
        151         14        919     400000
        152         14        721     400000
        153         14        169     500000
        154         14        624     630000
        155         14        607    1000000
        156         14        946    1100000
        157         14        956    1200000
        158         14        439    1200000
        159         15        555     900000
        160         15        873    1400000
        161         16        999     350000
        162         16        943     400000
        163         16        924     700000
        164         16        894     762500
        165         16        443     900000
        166         16        235     925000
        167         16        158     975000
        168         16        353    3950000
        169         17        514     350000
        170         17        659     450000
        171         17        930     632500
        172         17        988     660000
        173         17        873    1233333
        174         17        478    1325000
        175         17        800    1800000
        176         18        778     650000
        177         18        821     925000
        178         18        204    1600000
        179         18        239    2500000
        180         18        454    3100000
        181         19        675     325000
        182         19        253     875000
        183         19        212    1480000
        184         20        857     575000
        185         20        702     675000
        186         20        637     797500
        187         20        732     800000
        188         20        410    1967290
        189         20        817    2000000
        190         21         61     450000
        191         21        660     700000
        192         22        167     450000
        193         22        547    2300000
        194         22        686    2750000
        195         23        257     233333
        196         23        780    3100000
        197         24        445    1500000
        198         24        108    1650000
        199         24        926    1800000
        200         24        957    3800000
        201         25        597     266667
        202         25        166    1400000
        203         25        690    1500000
        204         25        831    1575000
        205         25        732    1700000
        206         25        491    1850000
        207         26        498     340000
        208         26        250    1900000
        209         26        482    6680000
        210         27        765    1000000
        211         27        493    1600000
        212         28        397     742000
        213         28        299     750000
        214         29        888    1900000
        215         29        281    4152579
        216         30         90    1400000
        217         30        458    1500000
        218         30        691    1804000
        219         30        364    2750000
        220         31        551     400000
        221         31        128    1100000
        222         32        231     450000
        223         32        469     800000
        224         32        753    1800000
        225         33        510     600000
        226         33        222     950000
        227         33        105    1500000
        228         34        353    1000000
        229         34        524    2400000
        230         34        780    3000000
        231         34        132    3735849
        232         35        714     825000
        233         35        123    1500000
        234         35        832    2000000
        235         36        838     500000
        236         36        940     975000
        237         36        216    1625000
        238         37        153    3100000
        239         38        312     875000
        240         38        909    3250000
        241         39        729    4763802
        242         40        683     240000
        243         40        866    2500000
        244         40         74    3000000
        245         40        616    3400000
        246         41        186    1000000
        247         42        932    2250000
        248         42        661    2425000
        249         44        914     750000
        250         45        971    2250000
        251         49        789    3000000
        252         51        612    1700000
        253         52        467    4000000
        254         52        262    6000000
        255         54        854    1800000
        256         55        482    2500000
        257         55         23    3350000
        258         57        538    5267500
        259         62        776    3425000
        260         72        196     900000
        261         73        295    6000000
        262          1        518     325000
        263          1        992     350000
        264          1        884     350000
        265          1        987     375000
        266          1        139     450000
        267          1        513     500000
        268          1        958     585000
        269          1         50     630000
        270          1        486     875000
        271          2        296     325000
        272          2        771     333333
        273          2        892     333333
        274          2        793     345000
        275          2        126     350000
        276          2        947     350000
        277          2        588     450000
        278          2        673     878697
        279          3         46     200000
        280          3        630     312500
        281          3        840     420000
        282          3        216     500000
        283          4         41     300000
        284          4        267     335000
        285          4        997     390000
        286          4         60     400000
        287          4        693     450000
        288          4        752     525000
        289          4        487    3500000
        290          5        297     150000
        291          5        361     150000
        292          5        601     183333
        293          5        667     352000
        294          5        961     425000
        295          5        855     725000
        296          5        681     825000
        297          6        961     400000
        298          6         28     957755
        299          6        660    1100000
        300          7         43     233333
        301          7        131     300000
        302          7         67     400000
        303          7        131     450000
        304          7        270     450000
        305          7         16     475000
        306          7        897     625000
        307          7        342     775000
        308          8        249     535000
        309          8        944     850000
        310          8        122    3204011
        311          9        856     290000
        312          9        289     400000
        313          9        193     450000
        314          9        457     625000
        315          9        531    1650000
        316         10        488     350000
        317         11        883     250000
        318         11        954     425000
        319         11        235     425000
        320         11        784     465000
        321         12        857     233333
        322         12        991     400000
        323         12        477     700000
        324         12        996     750000
        325         13        117     450000
        326         13        963     450000
        327         13        861     550000
        328         13        570     750000
        329         13        995    1600000
        330         14        122     825000
        331         14        321     875000
        332         15        817     400000
        333         15        821     600000
        334         15         13     725000
        335         15        523     750000
        336         15        117    1800000
        337         16        505     375000
        338         16        380     625000
        339         16        758     700000
        340         16        361     725000
        341         16        940     975000
        342         16        164    1550000
        343         17        296     650000
        344         18        767     475000
        345         19        908     400000
        346         19        175     800000
        347         19        224    1200000
        348         20         24     750000
        349         20        457    1200000
        350         21        707    2100000
        351         22        945     650000
        352         22         59     940000
        353         23        268     825000
        354         23        974     850000
        355         24        123     610918
        356         24         67    1100000
        357         25        439     500000
        358         25        527     525000
        359         26        513     650000
        360         26        978     800000
        361         26        745    1500000
        362         27        534     400000
        363         27        697     750000
        364         28         12     516667
        365         28        491     800000
        366         28        717    1100000
        367         28        146    1300000
        368         28        873    2250000
        369         29        559     525000
        370         29        148    1100000
        371         29        172    1900000
        372         30        293     840000
        373         30        744    1165000
        374         30        281    1300000
        375         31        577     375000
        376         31        519     600000
        377         31        165    1300000
        378         32        710     632500
        379         32        978     907500
        380         32        261    1025000
        381         32        956    6000000
        382         33        971     715000
        383         34         81     500000
        384         35        529     675000
        385         36        413    1200000
        386         36        792    2000000
        387         36        707    2100000
        388         37        654     600000
        389         39        908    1320000
        390         39        929    1750000
        391         40        587     750000
        392         40         32    3500000
        393         42        988     350000
        394         42        234     750000
        395         43        780     850000
        396         43        784    4300000
        397         45        516     925000
        398         46         82     800000
        399         46        324     800000
        400         46        494    1000000
        401         48        788     516667
        402         49        187    1320000
        403         49        669    2400000
        404         50        932     425000
        405         51        483    1300000
        406         53        971    2500000
        407         54        131     675000
        408         56        617     400000
        409         61        285    2500000
        410         63        523    2500000
        411         65        989    2250000
        412         67        796    2250000
        413         70        107    1350000
        414         71        745    1350000
        415         74        861    3500000
        416         77        339    3969123
        417         78        502    4000000
        418         86        899   10000000
        419          1        178     290000
        420          1        259     300000
        421          1        569     330000
        422          1        500     375000
        423          1        959     385000
        424          1         88     400000
        425          1        958     400000
        426          1         69     410000
        427          1        231     675000
        428          1         29     850000
        429          1        838    1025000
        430          2        660     283333
        431          2        566     325000
        432          2        593     350000
        433          2        710     375000
        434          2        795     375000
        435          2        152     550000
        436          2         49     650000
        437          2        433     750000
        438          2        257     800000
        439          2        382     825000
        440          2        129     875000
        441          2        428    1400000
        442          3         72     375000
        443          3        387     425000
        444          3        293     500000
        445          3        449     625000
        446          3        220     687500
        447          3        825    1650000
        448          4        901     277083
        449          4        461     750000
        450          5        896     450000
        451          5        649     847000
        452          6         89     325000
        453          6        779     400000
        454          6        285     425000
        455          6        678     475000
        456          6        253     775000
        457          6        246     800000
        458          6        737    1025000
        459          6        420    1350000
        460          7        500     875000
        461          8        125     475000
        462          8        492     475000
        463          8        537     750000
        464          8        931    1100000
        465          9        565     425000
        466          9        568     660000
        467          9        384     775000
        468          9        812     800000
        469         10        471     715000
        470         11        733     350000
        471         11        297     400000
        472         11        457     700000
        473         11        151     825000
        474         11        209     850000
        475         12        660     440000
        476         12        293     525000
        477         12        588     750000
        478         12        582     875000
        479         13        225     250000
        480         13        463     450000
        481         13        598     467500
        482         13        414     550000
        483         14         51     475000
        484         14        274     875000
        485         14        899     950000
        486         15        204     400000
        487         16        873     435000
        488         16        139     800000
        489         17        249     325000
        490         17        156     400000
        491         17        259     400000
        492         17        717     440000
        493         17        167     522500
        494         17        635    3500000
        495         18        366     425000
        496         18        429     440000
        497         18        237     495000
        498         18        854     800000
        499         19        659     510000
        500         20        994     430000
        501         20        810     475000
        502         20        198    1200000
        503         21        818     587500
        504         21        325    1250000
        505         21        704    3300000
        506         22        374     266667
        507         22        481     350000
        508         22        335     350000
        509         22        297     435000
        510         22        626     650000
        511         22        211     750000
        512         22        280     800000
        513         22        902    3500000
        514         23         40     350000
        515         23        570     350000
        516         23        250     500000
        517         23        458     900000
        518         24         14     575000
        519         24        861     875000
        520         25        758     400000
        521         25        203     683333
        522         25        677     700000
        523         25        464    1025000
        524         26        271    1450000
        525         27        989     875000
        526         27        272     875000
        527         27        480    1100000
        528         28         48     500000
        529         28        928     975000
        530         28        184    2600000
        531         29        992     450000
        532         29        172     600000
        533         29        555     685000
        534         30        822     575000
        535         30        597     975000
        536         30        547    1000000
        537         30        827    3000000
        538         31        397     600000
        539         31        424     800000
        540         31        582     825000
        541         33        455    2300000
        542         34        385     592500
        543         34        878     600000
        544         34        281    1025000
        545         34        436    2600000
        546         35        536     500000
        547         37        152    1700000
        548         38        536     425000
        549         39        309     330000
        550         39        295     400000
        551         39        260    1150000
        552         40        797     925000
        553         40        367    1025000
        554         41        214    1650000
        555         42        748     500000
        556         44        336     890000
        557         44        579    1000000
        558         44        826    1550000
        559         45        748    1050000
        560         45        544    1500000
        561         46        659     500000
        562         46        641     875000
        563         46        232    1800000
        564         46        649    2500000
        565         47        758     850000
        566         47        841    1700000
        567         48        668     975000
        568         49        418    1500000
        569         50        194     600000
        570         50        240     700000
        571         51         69     750000
        572         51        411     975000
        573         51        630    1233333
        574         51        658    9000000
        575         52        312     800000
        576         53        864     350000
        577         53        277     750000
        578         54        756     852500
        579         54        751    6000000
        580         55        337     600000
        581         56        465    1700000
        582         56         83    1800000
        583         57        376    2050000
        584         58        875    1750000
        585         59        196    2000000
        586         59        797    8500000
        587         60        606     800000
        588         60        257     925000
        589         60        709    3000000
        590         62        218    1750000
        591         62        998    1850000
        592         62         49    2000000
        593         63        370     605000
        594         65        462     825000
        595         65        315     925000
        596         66        298    5000000
        597         67        100     640000
        598         67         33     975000
        599         68        335     625000
        600         68        719    3500000
        601         70        922     750000
        602         70        153    3000000
        603         71        494    3136825
        604         72        816    4300000
        605         73        255    5000000
        606         73        846    6000000
        607         73        268    7000000
        608         78         70    4200000
        609         79        714    6000000
        610         81        603    2000000
        611         81         25    6000000
        612          1        793     350000
        613          1        886     350000
        614          1        424     400000
        615          1        602     400000
        616          1        508     425000
        617          1        174     450000
        618          1        796     450000
        619          1        675     450000
        620          1        896     500000
        621          1        430     650000
        622          2        863     500000
        623          3        182     275000
        624          3        583     350000
        625          3        292     525000
        626          3        621     600000
        627          3        255     825000
        628          4        926     300000
        629          4        833     325000
        630          4         38     375000
        631          4        277     550000
        632          4        359     800000
        633          5        657     200000
        634          5        472     350000
        635          5        123     375000
        636          6        808     775000
        637          7        758     850000
        638          8        953     660000
        639          8         55     850000
        640          8         62    1500000
        641          9        278     350000
        642          9        771    1050000
        643         10        825     375000
        644         11        927     800000
        645         12        508     345000
        646         12        703     450000
        647         12        630     500000
        648         12        553     514250
        649         12        557     550000
        650         12        574    1650000
        651         13        507     535000
        652         14        603     350000
        653         14        848    1557651
        654         16         42     240000
        655         17        428     357500
        656         17        127     500000
        657         18        416     276667
        658         18        873     400000
        659         18        539     875000
        660         18        321     950000
        661         19        142     525000
        662         19        302     850000
        663         20        168     700000
        664         20        819     800000
        665         20        630     936916
        666         20        564    1100000
        667         21        548     400000
        668         21        907     850000
        669         22        304    1600000
        670         23        183     450000
        671         23        297     550000
        672         24        561    1000000
        673         25        923     350000
        674         25        584     690000
        675         25        747     850000
        676         25        166    1500000
        677         26        335     400000
        678         26        801     525000
        679         26         15     600000
        680         27        768    1000000
        681         28        592     600000
        682         31        459     550000
        683         31        781     675000
        684         31        362     850000
        685         32        370     450000
        686         32        549     800000
        687         33         46     200000
        688         34        382     750000
        689         34        753    1925000
        690         35        884     650000
        691         35        979     650000
        692         35        147     800000
        693         35        795    1700000
        694         35        428    1800000
        695         35        537    2150000
        696         37         63     600000
        697         37         26     850000
        698         37        688    2161634
        699         38        118     850000
        700         38        358    3870362
        701         39        415     400000
        702         39        278    1700000
        703         39        749    1842852
        704         40        239    1000000
        705         41        392    1050000
        706         42        473     660000
        707         42        982    2400000
        708         43        427    2200000
        709         44         91     875000
        710         44        234    4600000
        711         45        263    1100000
        712         45        649    1800000
        713         46        390    2400000
        714         46        118    2600000
        715         47        103     850000
        716         47        984    1700000
        717         47        438    2466823
        718         48        706    1000000
        719         48        734    1800000
        720         50        321    1000000
        721         50         52    1100000
        722         51        809     800000
        723         56        590     700000
        724         59        861    2600000
        725         59        835    5500000
        726         62        759    1250000
        727         63        754    1500000
        728         64        535    8500000
        729         66        434    2100000
        730         66        910    5000000
        731         70        640    1000000
        732         72        995     625000
        733         75         67    1100000
        734         75        559    1450000
        735         84        259    2750000
        736         84        773    2900000
        737         85        706    5450000
        738         91        913    5000000
        739         94        927    8000000
        740         96        140   10359852
